object FormularioPeriodo: TFormularioPeriodo
  Left = 0
  Top = 0
  Caption = 'FormularioPeriodo'
  ClientHeight = 668
  ClientWidth = 361
  FormFactor.Width = 320
  FormFactor.Height = 480
  FormFactor.Devices = [Desktop]
  OnActivate = FormActivate
  DesignerMasterStyle = 3
  object DateEdit1: TDateEdit
    Date = 44647.000000000000000000
    Position.X = 192.000000000000000000
    Position.Y = 72.000000000000000000
    TabOrder = 0
  end
  object DateEdit2: TDateEdit
    Date = 44647.000000000000000000
    Position.X = 192.000000000000000000
    Position.Y = 160.000000000000000000
    TabOrder = 1
  end
  object Label1: TLabel
    Position.X = 48.000000000000000000
    Position.Y = 72.000000000000000000
    Size.Width = 113.000000000000000000
    Size.Height = 23.000000000000000000
    Size.PlatformDefault = False
    Text = 'Fecha inicio:'
    TabOrder = 6
  end
  object Label2: TLabel
    Position.X = 48.000000000000000000
    Position.Y = 160.000000000000000000
    Size.Width = 113.000000000000000000
    Size.Height = 23.000000000000000000
    Size.PlatformDefault = False
    Text = 'Fecha fin:'
    TabOrder = 5
  end
  object Label3: TLabel
    Position.X = 48.000000000000000000
    Position.Y = 248.000000000000000000
    Size.Width = 113.000000000000000000
    Size.Height = 23.000000000000000000
    Size.PlatformDefault = False
    Text = 'Habitaci'#243'n:'
    TabOrder = 4
  end
  object ComboBox1: TComboBox
    Position.X = 192.000000000000000000
    Position.Y = 240.000000000000000000
    Size.Width = 105.000000000000000000
    Size.Height = 32.000000000000000000
    Size.PlatformDefault = False
    TabOrder = 7
  end
  object Label4: TLabel
    Position.X = 48.000000000000000000
    Position.Y = 336.000000000000000000
    Size.Width = 113.000000000000000000
    Size.Height = 23.000000000000000000
    Size.PlatformDefault = False
    Text = 'Cliente:'
    TabOrder = 3
  end
  object Edit1: TEdit
    Touch.InteractiveGestures = [LongTap, DoubleTap]
    TabOrder = 8
    Position.X = 176.000000000000000000
    Position.Y = 328.000000000000000000
    Size.Width = 137.000000000000000000
    Size.Height = 32.000000000000000000
    Size.PlatformDefault = False
  end
  object ScrollBox1: TScrollBox
    Position.X = 160.000000000000000000
    Position.Y = 416.000000000000000000
    Size.Width = 177.000000000000000000
    Size.Height = 169.000000000000000000
    Size.PlatformDefault = False
    TabOrder = 9
    Viewport.Width = 177.000000000000000000
    Viewport.Height = 169.000000000000000000
  end
  object Label5: TLabel
    Position.X = 48.000000000000000000
    Position.Y = 416.000000000000000000
    Size.Width = 113.000000000000000000
    Size.Height = 23.000000000000000000
    Size.PlatformDefault = False
    Text = 'Servicios:'
    TabOrder = 2
  end
  object Button1: TButton
    Position.X = 128.000000000000000000
    Position.Y = 608.000000000000000000
    Size.Width = 105.000000000000000000
    Size.Height = 44.000000000000000000
    Size.PlatformDefault = False
    TabOrder = 10
    Text = 'Aceptar'
    OnClick = Button1Click
  end
end
