object CrearTemporada: TCrearTemporada
  Left = 0
  Top = 0
  Caption = 'CrearTemporada'
  ClientHeight = 480
  ClientWidth = 640
  FormFactor.Width = 320
  FormFactor.Height = 480
  FormFactor.Devices = [Desktop]
  OnActivate = FormActivate
  DesignerMasterStyle = 3
  object DateEdit1: TDateEdit
    Date = 44650.000000000000000000
    Position.X = 56.000000000000000000
    Position.Y = 64.000000000000000000
    TabOrder = 0
  end
  object DateEdit2: TDateEdit
    Date = 44650.000000000000000000
    Position.X = 56.000000000000000000
    Position.Y = 128.000000000000000000
    TabOrder = 1
  end
  object Button1: TButton
    Position.X = 24.000000000000000000
    Position.Y = 368.000000000000000000
    Size.Width = 161.000000000000000000
    Size.Height = 44.000000000000000000
    Size.PlatformDefault = False
    TabOrder = 2
    Text = 'Crear Temporada'
  end
end
